     51  3.000000000000E-01  7.500000000000E+00  7.393718396027E-01 -1.598609234225E+00 -2.713625060633E-27  0.000000000000E+00  1.042597533224E-05  0.000000000000E+00  0.000000000000E+00  0.000000000000E+00
     52  3.000000000000E-01  7.500000000000E+00  8.710612048386E-01 -1.417053091680E+00 -1.184538598316E-27  0.000000000000E+00  1.049900001719E-05  0.000000000000E+00  0.000000000000E+00  0.000000000000E+00
     53  3.000000000000E-01  7.500000000000E+00  8.862838687416E-01 -1.244262484065E+00  9.751508168295E-27  0.000000000000E+00  1.055385523279E-05  0.000000000000E+00  0.000000000000E+00  0.000000000000E+00
     54  3.000000000000E-01  7.500000000000E+00  9.023913309042E-01 -1.106371189081E+00  1.690219088462E-27  0.000000000000E+00  1.059983467618E-05  0.000000000000E+00  0.000000000000E+00  0.000000000000E+00
     55  3.000000000000E-01  7.500000000000E+00  9.208079844523E-01 -1.003132432975E+00  9.416278550224E-27  0.000000000000E+00  1.064103911234E-05  0.000000000000E+00  0.000000000000E+00  0.000000000000E+00
     56  3.000000000000E-01  7.500000000000E+00  9.149387315016E-01 -8.852076462796E-01  2.689960706617E-27  0.000000000000E+00  1.067563293874E-05  0.000000000000E+00  0.000000000000E+00  0.000000000000E+00
     57  3.000000000000E-01  7.500000000000E+00  9.478294994390E-01 -8.107628569822E-01  6.008724376462E-27  0.000000000000E+00  1.070871469413E-05  0.000000000000E+00  0.000000000000E+00  0.000000000000E+00
     58  3.000000000000E-01  7.500000000000E+00  9.708851129257E-01 -7.185566340266E-01 -1.544658890138E-26  0.000000000000E+00  1.074182407327E-05  0.000000000000E+00  0.000000000000E+00  0.000000000000E+00
     59  3.000000000000E-01  7.500000000000E+00  9.654498737493E-01 -6.905641438122E-01 -9.797534580116E-27  0.000000000000E+00  1.076597855297E-05  0.000000000000E+00  0.000000000000E+00  0.000000000000E+00
     60  3.000000000000E-01  7.500000000000E+00  9.950233634031E-01 -6.161661551450E-01 -5.583530960066E-27  0.000000000000E+00  1.078837181834E-05  0.000000000000E+00  0.000000000000E+00  0.000000000000E+00
     61  3.000000000000E-01  7.500000000000E+00  9.763257129981E-01 -6.056870992924E-01 -3.368787531780E-27  0.000000000000E+00  1.080588321128E-05  0.000000000000E+00  0.000000000000E+00  0.000000000000E+00
     62  3.000000000000E-01  7.500000000000E+00  1.010118533406E+00 -5.328325054358E-01 -7.666835783698E-27  0.000000000000E+00  1.082132689543E-05  0.000000000000E+00  0.000000000000E+00  0.000000000000E+00
     63  3.000000000000E-01  7.500000000000E+00  9.972107993838E-01 -5.195591329545E-01 -1.240633712410E-26  0.000000000000E+00  1.083464119109E-05  0.000000000000E+00  0.000000000000E+00  0.000000000000E+00
     64  3.000000000000E-01  7.500000000000E+00  1.012083859746E+00 -4.980454893934E-01 -3.136947788159E-27  0.000000000000E+00  1.084881007855E-05  0.000000000000E+00  0.000000000000E+00  0.000000000000E+00
     65  3.000000000000E-01  7.500000000000E+00  1.018599798637E+00 -4.595692773832E-01 -4.728593034150E-27  0.000000000000E+00  1.085950130966E-05  0.000000000000E+00  0.000000000000E+00  0.000000000000E+00
     66  3.000000000000E-01  7.500000000000E+00  1.016911912193E+00 -4.598778178530E-01 -5.855884270420E-29  0.000000000000E+00  1.086748414078E-05  0.000000000000E+00  0.000000000000E+00  0.000000000000E+00
     67  3.000000000000E-01  7.500000000000E+00  1.025283457206E+00 -4.214430500931E-01 -9.942832806517E-27  0.000000000000E+00  1.087266637911E-05  0.000000000000E+00  0.000000000000E+00  0.000000000000E+00
     68  3.000000000000E-01  7.500000000000E+00  1.022242011905E+00 -4.300494159874E-01 -4.605979357476E-27  0.000000000000E+00  1.087579978475E-05  0.000000000000E+00  0.000000000000E+00  0.000000000000E+00
     69  3.000000000000E-01  7.500000000000E+00  1.027229729371E+00 -3.961322011479E-01 -9.344219115437E-27  0.000000000000E+00  1.088181685481E-05  0.000000000000E+00  0.000000000000E+00  0.000000000000E+00
     70  3.000000000000E-01  7.500000000000E+00  1.030694740609E+00 -4.006238472785E-01 -5.716648008650E-27  0.000000000000E+00  1.088789744793E-05  0.000000000000E+00  0.000000000000E+00  0.000000000000E+00
     71  3.000000000000E-01  7.500000000000E+00  1.031414360038E+00 -3.937301098545E-01 -4.154423273382E-27  0.000000000000E+00  1.089389966028E-05  0.000000000000E+00  0.000000000000E+00  0.000000000000E+00
     72  3.000000000000E-01  7.500000000000E+00  1.033999342570E+00 -3.770768225502E-01 -1.297652862332E-27  0.000000000000E+00  1.089796587727E-05  0.000000000000E+00  0.000000000000E+00  0.000000000000E+00
     73  3.000000000000E-01  7.500000000000E+00  1.033419295548E+00 -3.811446994390E-01 -8.211215362418E-28  0.000000000000E+00  1.089700684768E-05  0.000000000000E+00  0.000000000000E+00  0.000000000000E+00
     74  3.000000000000E-01  7.500000000000E+00  1.032802247405E+00 -3.761012076373E-01 -2.713527942936E-27  0.000000000000E+00  1.089659909524E-05  0.000000000000E+00  0.000000000000E+00  0.000000000000E+00
     75  3.000000000000E-01  7.500000000000E+00  1.036290514387E+00 -3.717490672612E-01 -4.186122174081E-27  0.000000000000E+00  1.089705113978E-05  0.000000000000E+00  0.000000000000E+00  0.000000000000E+00
     76  3.000000000000E-01  7.500000000000E+00  1.033662912926E+00 -3.770588231283E-01 -1.576975742006E-26  0.000000000000E+00  1.090133810296E-05  0.000000000000E+00  0.000000000000E+00  0.000000000000E+00
     77  3.000000000000E-01  7.500000000000E+00  1.028589797540E+00 -3.630870721542E-01 -7.378205769113E-28  0.000000000000E+00  1.090264421578E-05  0.000000000000E+00  0.000000000000E+00  0.000000000000E+00
     78  3.000000000000E-01  7.500000000000E+00  1.034222745177E+00 -3.564752620514E-01 -2.267006679467E-27  0.000000000000E+00  1.090335633670E-05  0.000000000000E+00  0.000000000000E+00  0.000000000000E+00
     79  3.000000000000E-01  7.500000000000E+00  1.031814196708E+00 -3.605342920317E-01 -9.174918917774E-27  0.000000000000E+00  1.090242368535E-05  0.000000000000E+00  0.000000000000E+00  0.000000000000E+00
     80  3.000000000000E-01  7.500000000000E+00  1.039209767872E+00 -3.606223616310E-01 -9.718581081735E-27  0.000000000000E+00  1.090201262677E-05  0.000000000000E+00  0.000000000000E+00  0.000000000000E+00
     81  3.000000000000E-01  7.500000000000E+00  1.031000910749E+00 -3.744174212040E-01  5.927890584593E-28  0.000000000000E+00  1.090445752996E-05  0.000000000000E+00  0.000000000000E+00  0.000000000000E+00
     82  3.000000000000E-01  7.500000000000E+00  1.029075448676E+00 -3.738561531781E-01 -9.047801837429E-27  0.000000000000E+00  1.090594479666E-05  0.000000000000E+00  0.000000000000E+00  0.000000000000E+00
     83  3.000000000000E-01  7.500000000000E+00  1.039120013131E+00 -3.514426860295E-01 -9.840684585578E-27  0.000000000000E+00  1.090188227452E-05  0.000000000000E+00  0.000000000000E+00  0.000000000000E+00
     84  3.000000000000E-01  7.500000000000E+00  1.033122674559E+00 -3.525725591194E-01 -6.598645198511E-27  0.000000000000E+00  1.089784903743E-05  0.000000000000E+00  0.000000000000E+00  0.000000000000E+00
     85  3.000000000000E-01  7.500000000000E+00  1.033477273979E+00 -3.639882007244E-01 -2.323597188655E-27  0.000000000000E+00  1.090085412853E-05  0.000000000000E+00  0.000000000000E+00  0.000000000000E+00
     86  3.000000000000E-01  7.500000000000E+00  1.039773504300E+00 -3.589332753053E-01 -2.237206941683E-26  0.000000000000E+00  1.090537247719E-05  0.000000000000E+00  0.000000000000E+00  0.000000000000E+00
     87  3.000000000000E-01  7.500000000000E+00  1.039408917966E+00 -3.485629455821E-01 -8.913767717593E-27  0.000000000000E+00  1.090732082829E-05  0.000000000000E+00  0.000000000000E+00  0.000000000000E+00
     88  3.000000000000E-01  7.500000000000E+00  1.030992155408E+00 -3.831967682448E-01 -1.911938823046E-26  0.000000000000E+00  1.090540141867E-05  0.000000000000E+00  0.000000000000E+00  0.000000000000E+00
     89  3.000000000000E-01  7.500000000000E+00  1.038186532060E+00 -3.501703940844E-01 -7.833481701538E-27  0.000000000000E+00  1.089800063548E-05  0.000000000000E+00  0.000000000000E+00  0.000000000000E+00
     90  3.000000000000E-01  7.500000000000E+00  1.027116646903E+00 -3.666657279969E-01 -5.344906125623E-27  0.000000000000E+00  1.089210770145E-05  0.000000000000E+00  0.000000000000E+00  0.000000000000E+00
     91  3.000000000000E-01  7.500000000000E+00  1.026366181879E+00 -3.801304737819E-01 -6.826944114593E-27  0.000000000000E+00  1.089794773207E-05  0.000000000000E+00  0.000000000000E+00  0.000000000000E+00
     92  3.000000000000E-01  7.500000000000E+00  1.034219247842E+00 -3.880938885238E-01 -3.420082495698E-26  0.000000000000E+00  1.090835430389E-05  0.000000000000E+00  0.000000000000E+00  0.000000000000E+00
     93  3.000000000000E-01  7.500000000000E+00  1.034833599692E+00 -3.705950523589E-01 -1.030166289102E-26  0.000000000000E+00  1.091218045478E-05  0.000000000000E+00  0.000000000000E+00  0.000000000000E+00
     94  3.000000000000E-01  7.500000000000E+00  1.038977317651E+00 -3.683139893088E-01 -4.556147672640E-27  0.000000000000E+00  1.091001960876E-05  0.000000000000E+00  0.000000000000E+00  0.000000000000E+00
     95  3.000000000000E-01  7.500000000000E+00  1.025918099072E+00 -3.696099108007E-01 -1.867115887816E-26  0.000000000000E+00  1.089634949923E-05  0.000000000000E+00  0.000000000000E+00  0.000000000000E+00
     96  3.000000000000E-01  7.500000000000E+00  1.028001811728E+00 -3.701972338938E-01  6.759476004150E-27  0.000000000000E+00  1.088708922370E-05  0.000000000000E+00  0.000000000000E+00  0.000000000000E+00
     97  3.000000000000E-01  7.500000000000E+00  1.028066284790E+00 -3.604572010478E-01 -7.652447930569E-28  0.000000000000E+00  1.089230721468E-05  0.000000000000E+00  0.000000000000E+00  0.000000000000E+00
     98  3.000000000000E-01  7.500000000000E+00  1.040983505955E+00 -3.535748268162E-01 -1.788568795075E-26  0.000000000000E+00  1.090803707281E-05  0.000000000000E+00  0.000000000000E+00  0.000000000000E+00
     99  3.000000000000E-01  7.500000000000E+00  1.042564328282E+00 -3.497337991304E-01  3.439663422614E-27  0.000000000000E+00  1.091670468394E-05  0.000000000000E+00  0.000000000000E+00  0.000000000000E+00
    100  3.000000000000E-01  7.500000000000E+00  1.038442212393E+00 -3.685368386802E-01 -7.619352403304E-27  0.000000000000E+00  1.091551211215E-05  0.000000000000E+00  0.000000000000E+00  0.000000000000E+00
