    101  3.000000000000E-01  7.500000000000E+00  1.033252415726E+00 -3.558085862471E-01 -8.344445490757E-27  0.000000000000E+00  1.089925399917E-05  0.000000000000E+00  0.000000000000E+00  0.000000000000E+00
    102  3.000000000000E-01  7.500000000000E+00  1.030599978171E+00 -3.485531760536E-01 -9.400521175319E-27  0.000000000000E+00  1.088609578387E-05  0.000000000000E+00  0.000000000000E+00  0.000000000000E+00
    103  3.000000000000E-01  7.500000000000E+00  1.031424184611E+00 -3.550645379885E-01 -2.086693064172E-26  0.000000000000E+00  1.088869673516E-05  0.000000000000E+00  0.000000000000E+00  0.000000000000E+00
    104  3.000000000000E-01  7.500000000000E+00  1.035022190848E+00 -3.490866076307E-01 -5.943253189539E-27  0.000000000000E+00  1.090512066996E-05  0.000000000000E+00  0.000000000000E+00  0.000000000000E+00
    105  3.000000000000E-01  7.500000000000E+00  1.042012900027E+00 -3.476380516076E-01 -4.596797664583E-27  0.000000000000E+00  1.091808921128E-05  0.000000000000E+00  0.000000000000E+00  0.000000000000E+00
    106  3.000000000000E-01  7.500000000000E+00  1.037193849146E+00 -3.507064601312E-01 -1.680068965685E-26  0.000000000000E+00  1.092139801037E-05  0.000000000000E+00  0.000000000000E+00  0.000000000000E+00
    107  3.000000000000E-01  7.500000000000E+00  1.035106030890E+00 -3.615808710110E-01 -7.637484055022E-27  0.000000000000E+00  1.090636719352E-05  0.000000000000E+00  0.000000000000E+00  0.000000000000E+00
    108  3.000000000000E-01  7.500000000000E+00  1.027964827967E+00 -3.735312113628E-01 -1.245950029949E-26  0.000000000000E+00  1.089180589994E-05  0.000000000000E+00  0.000000000000E+00  0.000000000000E+00
    109  3.000000000000E-01  7.500000000000E+00  1.033951994297E+00 -3.587820689421E-01  9.261419550680E-28  0.000000000000E+00  1.089073544981E-05  0.000000000000E+00  0.000000000000E+00  0.000000000000E+00
    110  3.000000000000E-01  7.500000000000E+00  1.036288294623E+00 -3.451818857032E-01  6.729025093098E-27  0.000000000000E+00  1.090460829602E-05  0.000000000000E+00  0.000000000000E+00  0.000000000000E+00
    111  3.000000000000E-01  7.500000000000E+00  1.041632652977E+00 -3.526313393759E-01  5.655031868845E-28  0.000000000000E+00  1.091530091899E-05  0.000000000000E+00  0.000000000000E+00  0.000000000000E+00
    112  3.000000000000E-01  7.500000000000E+00  1.033869236415E+00 -3.641905996001E-01 -2.558463192231E-27  0.000000000000E+00  1.091910907645E-05  0.000000000000E+00  0.000000000000E+00  0.000000000000E+00
    113  3.000000000000E-01  7.500000000000E+00  1.037199263877E+00 -3.581997512485E-01 -1.007756463422E-26  0.000000000000E+00  1.090715705657E-05  0.000000000000E+00  0.000000000000E+00  0.000000000000E+00
    114  3.000000000000E-01  7.500000000000E+00  1.028276674890E+00 -3.621633208545E-01 -4.335259168773E-27  0.000000000000E+00  1.089389467923E-05  0.000000000000E+00  0.000000000000E+00  0.000000000000E+00
    115  3.000000000000E-01  7.500000000000E+00  1.034549583846E+00 -3.549610356802E-01 -3.795864300606E-27  0.000000000000E+00  1.089306108526E-05  0.000000000000E+00  0.000000000000E+00  0.000000000000E+00
    116  3.000000000000E-01  7.500000000000E+00  1.034805858755E+00 -3.544875453363E-01 -1.661579819869E-26  0.000000000000E+00  1.090550497502E-05  0.000000000000E+00  0.000000000000E+00  0.000000000000E+00
    117  3.000000000000E-01  7.500000000000E+00  1.042720862882E+00 -3.479326495106E-01 -1.781979992238E-26  0.000000000000E+00  1.091437311083E-05  0.000000000000E+00  0.000000000000E+00  0.000000000000E+00
    118  3.000000000000E-01  7.500000000000E+00  1.035398204632E+00 -3.541757161962E-01 -2.094238445614E-27  0.000000000000E+00  1.091716088219E-05  0.000000000000E+00  0.000000000000E+00  0.000000000000E+00
    119  3.000000000000E-01  7.500000000000E+00  1.033592142391E+00 -3.604528170233E-01  3.331198132421E-27  0.000000000000E+00  1.090651155722E-05  0.000000000000E+00  0.000000000000E+00  0.000000000000E+00
    120  3.000000000000E-01  7.500000000000E+00  1.028390998811E+00 -3.653918604897E-01 -1.018861560495E-26  0.000000000000E+00  1.089533726489E-05  0.000000000000E+00  0.000000000000E+00  0.000000000000E+00
    121  3.000000000000E-01  7.500000000000E+00  1.033981333467E+00 -3.662133809249E-01 -1.004099031289E-26  0.000000000000E+00  1.089587113941E-05  0.000000000000E+00  0.000000000000E+00  0.000000000000E+00
    122  3.000000000000E-01  7.500000000000E+00  1.034620893751E+00 -3.668172833259E-01 -6.013556903761E-27  0.000000000000E+00  1.090747862744E-05  0.000000000000E+00  0.000000000000E+00  0.000000000000E+00
    123  3.000000000000E-01  7.500000000000E+00  1.040709460134E+00 -3.551085209976E-01 -3.929875100569E-27  0.000000000000E+00  1.091394448438E-05  0.000000000000E+00  0.000000000000E+00  0.000000000000E+00
    124  3.000000000000E-01  7.500000000000E+00  1.039055463730E+00 -3.530727147019E-01  3.132809426779E-27  0.000000000000E+00  1.091446876445E-05  0.000000000000E+00  0.000000000000E+00  0.000000000000E+00
    125  3.000000000000E-01  7.500000000000E+00  1.032059456375E+00 -3.570219142514E-01 -1.498092986093E-26  0.000000000000E+00  1.090201368805E-05  0.000000000000E+00  0.000000000000E+00  0.000000000000E+00
    126  3.000000000000E-01  7.500000000000E+00  1.027267368737E+00 -3.682720734123E-01 -1.211264230032E-26  0.000000000000E+00  1.089270493095E-05  0.000000000000E+00  0.000000000000E+00  0.000000000000E+00
    127  3.000000000000E-01  7.500000000000E+00  1.032409066431E+00 -3.601722909115E-01 -2.859741823276E-27  0.000000000000E+00  1.089574384428E-05  0.000000000000E+00  0.000000000000E+00  0.000000000000E+00
    128  3.000000000000E-01  7.500000000000E+00  1.038076969654E+00 -3.494777765028E-01 -3.492035583154E-27  0.000000000000E+00  1.091004270455E-05  0.000000000000E+00  0.000000000000E+00  0.000000000000E+00
    129  3.000000000000E-01  7.500000000000E+00  1.040258950239E+00 -3.517529413464E-01 -8.642821999603E-27  0.000000000000E+00  1.091779104663E-05  0.000000000000E+00  0.000000000000E+00  0.000000000000E+00
    130  3.000000000000E-01  7.500000000000E+00  1.040015669888E+00 -3.605773693204E-01  1.028286046156E-27  0.000000000000E+00  1.091599442201E-05  0.000000000000E+00  0.000000000000E+00  0.000000000000E+00
    131  3.000000000000E-01  7.500000000000E+00  1.031616654216E+00 -3.604202526534E-01  6.780091763173E-28  0.000000000000E+00  1.090093834181E-05  0.000000000000E+00  0.000000000000E+00  0.000000000000E+00
    132  3.000000000000E-01  7.500000000000E+00  1.030178349915E+00 -3.636495787429E-01 -5.160614029740E-27  0.000000000000E+00  1.089065461201E-05  0.000000000000E+00  0.000000000000E+00  0.000000000000E+00
    133  3.000000000000E-01  7.500000000000E+00  1.030979765508E+00 -3.558790365348E-01 -5.671447405362E-27  0.000000000000E+00  1.089409614457E-05  0.000000000000E+00  0.000000000000E+00  0.000000000000E+00
    134  3.000000000000E-01  7.500000000000E+00  1.036817865763E+00 -3.615547704178E-01 -6.204603547015E-27  0.000000000000E+00  1.090992687769E-05  0.000000000000E+00  0.000000000000E+00  0.000000000000E+00
    135  3.000000000000E-01  7.500000000000E+00  1.039233626677E+00 -3.565081206807E-01 -1.205315774087E-26  0.000000000000E+00  1.091823032302E-05  0.000000000000E+00  0.000000000000E+00  0.000000000000E+00
    136  3.000000000000E-01  7.500000000000E+00  1.040627335529E+00 -3.610632851047E-01 -1.346771278833E-26  0.000000000000E+00  1.091684206376E-05  0.000000000000E+00  0.000000000000E+00  0.000000000000E+00
    137  3.000000000000E-01  7.500000000000E+00  1.029928687994E+00 -3.525620276638E-01 -5.821188392716E-27  0.000000000000E+00  1.090150412076E-05  0.000000000000E+00  0.000000000000E+00  0.000000000000E+00
    138  3.000000000000E-01  7.500000000000E+00  1.030754317798E+00 -3.677351548012E-01 -9.570952092685E-27  0.000000000000E+00  1.089119058449E-05  0.000000000000E+00  0.000000000000E+00  0.000000000000E+00
    139  3.000000000000E-01  7.500000000000E+00  1.031518778980E+00 -3.587190510760E-01  4.934081918929E-27  0.000000000000E+00  1.089383505180E-05  0.000000000000E+00  0.000000000000E+00  0.000000000000E+00
    140  3.000000000000E-01  7.500000000000E+00  1.036350487306E+00 -3.596734720323E-01 -6.637719549295E-27  0.000000000000E+00  1.090974198048E-05  0.000000000000E+00  0.000000000000E+00  0.000000000000E+00
    141  3.000000000000E-01  7.500000000000E+00  1.039875684301E+00 -3.544728855819E-01 -4.271859177993E-27  0.000000000000E+00  1.091914129392E-05  0.000000000000E+00  0.000000000000E+00  0.000000000000E+00
    142  3.000000000000E-01  7.500000000000E+00  1.040362755065E+00 -3.644650040487E-01 -1.171144369424E-26  0.000000000000E+00  1.091830887918E-05  0.000000000000E+00  0.000000000000E+00  0.000000000000E+00
    143  3.000000000000E-01  7.500000000000E+00  1.032793022075E+00 -3.568093478104E-01 -2.377269493388E-27  0.000000000000E+00  1.090215048828E-05  0.000000000000E+00  0.000000000000E+00  0.000000000000E+00
    144  3.000000000000E-01  7.500000000000E+00  1.030743576095E+00 -3.607130720681E-01 -5.058493997772E-27  0.000000000000E+00  1.089069209337E-05  0.000000000000E+00  0.000000000000E+00  0.000000000000E+00
    145  3.000000000000E-01  7.500000000000E+00  1.031131110146E+00 -3.601624129013E-01 -1.883050985968E-26  0.000000000000E+00  1.089316593873E-05  0.000000000000E+00  0.000000000000E+00  0.000000000000E+00
    146  3.000000000000E-01  7.500000000000E+00  1.035846968291E+00 -3.566392056740E-01 -2.002997114457E-27  0.000000000000E+00  1.090898366842E-05  0.000000000000E+00  0.000000000000E+00  0.000000000000E+00
    147  3.000000000000E-01  7.500000000000E+00  1.040364621520E+00 -3.519535411096E-01 -3.266569987548E-27  0.000000000000E+00  1.091858111311E-05  0.000000000000E+00  0.000000000000E+00  0.000000000000E+00
    148  3.000000000000E-01  7.500000000000E+00  1.038900653689E+00 -3.578305213989E-01 -6.536387933279E-27  0.000000000000E+00  1.091807730570E-05  0.000000000000E+00  0.000000000000E+00  0.000000000000E+00
    149  3.000000000000E-01  7.500000000000E+00  1.032239353374E+00 -3.580417886521E-01  1.137608198693E-27  0.000000000000E+00  1.090256826422E-05  0.000000000000E+00  0.000000000000E+00  0.000000000000E+00
    150  3.000000000000E-01  7.500000000000E+00  1.031472467649E+00 -3.558597686604E-01 -6.511320414131E-27  0.000000000000E+00  1.089153551298E-05  0.000000000000E+00  0.000000000000E+00  0.000000000000E+00
