     1  0.000000000000E+00  0.000000000000E+00  0.000000000000E+00  0.000000000000E+00  7.500000000000E+00  7.998856432664E+03  1.183742657653E+04  3.029641510547E-03
     2  0.000000000000E+00  0.000000000000E+00  0.000000000000E+00  0.000000000000E+00  7.500000000000E+00  6.556321810561E+02 -2.194413471667E+03  2.173379162615E-03
     3  0.000000000000E+00  0.000000000000E+00  0.000000000000E+00  0.000000000000E+00  7.500000000000E+00  8.022170383019E+02 -1.933159646559E+03  2.211620038821E-03
     4  0.000000000000E+00  0.000000000000E+00  0.000000000000E+00  0.000000000000E+00  7.500000000000E+00  4.458693343857E+02 -2.696476628490E+03  8.982382488321E-04
     5  0.000000000000E+00  0.000000000000E+00  0.000000000000E+00  0.000000000000E+00  7.500000000000E+00  1.891331902503E+03 -1.528328456647E+02  1.177478087985E-03
     6  0.000000000000E+00  0.000000000000E+00  0.000000000000E+00  0.000000000000E+00  7.500000000000E+00  1.773467476627E+03 -3.263081236850E+02  1.093746735700E-03
     7  0.000000000000E+00  0.000000000000E+00  0.000000000000E+00  0.000000000000E+00  7.500000000000E+00  1.658915449390E+03 -5.727931644957E+02  6.960664425059E-04
     8  0.000000000000E+00  0.000000000000E+00  0.000000000000E+00  0.000000000000E+00  7.500000000000E+00  1.074933232120E+03 -3.319742701434E+02  7.771903584636E-04
     9  0.000000000000E+00  0.000000000000E+00  0.000000000000E+00  0.000000000000E+00  7.500000000000E+00  1.346233854471E+02 -6.616798011461E+02  4.125638217091E-04
    10  0.000000000000E+00  0.000000000000E+00  0.000000000000E+00  0.000000000000E+00  7.500000000000E+00 -2.040366553471E+02 -8.583218813420E+02  2.255165946571E-04
