     1 1.214E+00 2.848E-01  (   0)   7.603E+01   7.718E+27  <   761-    1|  13> [ 200 -   6]
     1 2.138E+00 8.226E-02  (  -5)   5.706E-01   7.301E-01  <   750-    1|  12> [ 200 -  13]
     1 2.313E+00 2.651E-08           2.879E-02                               [     2]
     1 2.596E+00 1.125E-08           1.790E-02                               [     2]
     1 3.638E+00 1.022E-01  (  -4)   4.352E-01   4.728E-01  <   836-    4|  11> [ 200 -  17]
     1 4.517E+00 1.186E-01  (  -3)   3.663E-01   3.670E-01  <   992-    4|  12> [ 200 -  26]
     1 4.693E+00 3.797E-08           7.202E-02                               [     2]
     1 4.901E+00 6.357E-08           1.038E-01                               [     2]
     2 5.771E+00 3.206E+00  (  10)   1.007E+00   1.806E+00  <    25-    2|   7> [ 200 -  19]
     2 7.181E+00 5.725E-01  (   3)   8.887E-01   1.304E-01  <    92-    2|  11> [  92 -  53]
     2 7.366E+00 7.740E-07           1.284E-01                               [     2]
     2 7.824E+00 6.136E-07           8.810E-02                               [     2]
     2 8.958E+00 9.040E-01  (   5)   7.374E-01   6.506E-02  <    92-    2|  16> [  89 -  68]
     2 1.006E+01 2.902E+00  (  10)   9.345E-01   6.076E-02  <   787-    8|  19> [  60 -  54]
     2 1.033E+01 1.922E-06           8.453E-02                               [     2]
     2 1.058E+01 1.759E-06           6.622E-02                               [     2]
